ISS (ZARYA)             
1 25544U 98067A   15180.42312569  .00007460  00000-0  11431-3 0  9997
2 25544  51.6460  22.9217 0003115 116.7915 315.2388 15.55438211949947
TIANGONG 1
1 37820U 11053A   15180.48049154  .00012763  00000-0  14646-3 0  9993
2 37820  42.7651 201.5828 0011550 112.3978  37.2714 15.61903829215248
SOYUZ-TMA 15M
1 40312U 14074A   15161.41776609  .00017192  00000-0  25584-3 0  9997
2 40312  51.6443 117.8307 0004397  34.1648 112.0237 15.55234376 30887
SPINSAT
1 40314U 98067FL  15180.14989746  .00013101  00000-0  15822-3 0  9992
2 40314  51.6418  21.2325 0006447 146.0177 214.1231 15.61084828 84538
PROGRESS-M 26M
1 40392U 15008A   15168.23123306  .00014817  00000-0  21985-3 0  9992
2 40392  51.6461  83.8018 0004336  62.0674  99.5751 15.55445497948042
FLOCK 1B-27
1 40422U 98067FN  15180.54764104  .00071157  00000-0  50108-3 0  9996
2 40422  51.6399  14.0255 0006967 139.7859 251.9911 15.73413047 28030
FLOCK 1B-28
1 40423U 98067FP  15180.41125209  .00166448  00000-0  99467-3 0  9999
2 40423  51.6349  14.5012 0003846 182.9213 245.6940 15.76831515 28016
FLOCK 1B-21
1 40427U 98067FQ  15180.41804216  .00046511  00000-0  32193-3 0  9996
2 40427  51.6383  14.5887 0004579 151.6907 277.9658 15.74008849 28046
FLOCK 1B-22
1 40428U 98067FR  15180.41874458  .00047130  00000-0  34732-3 0  9991
2 40428  51.6388  15.3378 0006088 142.0358 287.5640 15.72524253 28034
FLOCK 1B-10
1 40429U 98067FS  15180.40097323  .00142406  00000-0  94317-3 0  9996
2 40429  51.6360  15.2100 0007344 167.1198 264.9796 15.74536179 28003
FLOCK 1B-9
1 40430U 98067FT  15178.95135228  .16942075  12456-4  98957-3 0  9995
2 40430  51.6189  16.0568 0008449 275.0702  86.0600 16.41584100 27860
FLOCK 1D-1
1 40451U 98067FU  15180.40663336  .00061073  00000-0  42852-3 0  9991
2 40451  51.6427  15.2712 0008148 158.9086 268.3311 15.73547171 28013
FLOCK 1D-2
1 40452U 98067FV  15180.48167959  .00037922  00000-0  37009-3 0  9994
2 40452  51.6432  18.0211 0009372 159.2805 286.2872 15.65763658 27985
FLOCK 1B-5
1 40453U 98067FW  15180.55315522  .00114437  00000-0  75285-3 0  9999
2 40453  51.6426  15.5752 0003804 151.9538 239.4137 15.74817450 28016
FLOCK 1B-6
1 40454U 98067FX  15180.54748123  .00047841  00000-0  36604-3 0  9992
2 40454  51.6383  14.7857 0008442 149.2232 241.4873 15.71606843 28020
GEARRS-1
1 40456U 98067FZ  15180.37739075  .00051860  00000-0  41952-3 0  9999
2 40456  51.6433  16.7660 0007488 137.2741 222.8840 15.70249472 27995
MICROMAS
1 40457U 98067GA  15180.46494364  .00222333  00000-0  85206-3 0  9994
2 40457  51.6308  11.2334 0007483 199.5744 160.4974 15.86225560 28056
FLOCK 1B-11
1 40459U 98067GC  15180.55089016  .00059536  00000-0  44006-3 0  9996
2 40459  51.6424  14.8005 0006882 144.0833 248.0701 15.72348330 28043
FLOCK 1B-12
1 40460U 98067GD  15180.40984167  .00043279  00000-0  35919-3 0  9993
2 40460  51.6410  16.7994 0008225 144.7475 288.0670 15.69703264 28002
SOYUZ-TMA 16M
1 40542U 15016A   15168.23123306  .00014817  00000-0  21985-3 0  9998
2 40542  51.6461  83.8018 0004336  62.0674  99.5751 15.55445497948049
